{
 "cells": [
  {
   "cell_type": "code",
   "execution_count": 1,
   "id": "ea9da52c",
   "metadata": {},
   "outputs": [],
   "source": [
    "import matplotlib\n",
    "import pathlib\n",
    "import mne\n",
    "import mne_bids\n",
    "%matplotlib inline\n",
    "\n",
    "import pandas\n"
   ]
  },
  {
   "cell_type": "code",
   "execution_count": 2,
   "id": "98a2c2b2",
   "metadata": {},
   "outputs": [],
   "source": [
    "raw_fname = r'C:\\Users\\sathvik\\MNE-sample-data\\MEG\\sample\\sample_audvis_raw.fif'"
   ]
  },
  {
   "cell_type": "code",
   "execution_count": 3,
   "id": "3a1b1a6a",
   "metadata": {},
   "outputs": [
    {
     "name": "stdout",
     "output_type": "stream",
     "text": [
      "Opening raw data file C:\\Users\\sathvik\\MNE-sample-data\\MEG\\sample\\sample_audvis_raw.fif...\n",
      "    Read a total of 3 projection items:\n",
      "        PCA-v1 (1 x 102)  idle\n",
      "        PCA-v2 (1 x 102)  idle\n",
      "        PCA-v3 (1 x 102)  idle\n",
      "    Range : 25800 ... 192599 =     42.956 ...   320.670 secs\n",
      "Ready.\n"
     ]
    }
   ],
   "source": [
    "raw=mne.io.read_raw(raw_fname)\n"
   ]
  },
  {
   "cell_type": "code",
   "execution_count": 4,
   "id": "f78519a9",
   "metadata": {},
   "outputs": [
    {
     "name": "stdout",
     "output_type": "stream",
     "text": [
      "Using qt as 2D backend.\n"
     ]
    },
    {
     "data": {
      "text/plain": [
       "<mne_qt_browser._pg_figure.MNEQtBrowser at 0x2a31e481a20>"
      ]
     },
     "execution_count": 4,
     "metadata": {},
     "output_type": "execute_result"
    }
   ],
   "source": [
    "raw.plot(verbose=True)"
   ]
  },
  {
   "cell_type": "markdown",
   "id": "c27437da",
   "metadata": {},
   "source": [
    "#### Below code gives us events data "
   ]
  },
  {
   "cell_type": "code",
   "execution_count": 5,
   "id": "b7c3e3c9",
   "metadata": {},
   "outputs": [
    {
     "name": "stdout",
     "output_type": "stream",
     "text": [
      "320 events found\n",
      "Event IDs: [ 1  2  3  4  5 32]\n"
     ]
    },
    {
     "data": {
      "text/plain": [
       "320"
      ]
     },
     "execution_count": 5,
     "metadata": {},
     "output_type": "execute_result"
    }
   ],
   "source": [
    "events=mne.find_events(raw)\n",
    "len(events)"
   ]
  },
  {
   "cell_type": "code",
   "execution_count": 6,
   "id": "0169e587",
   "metadata": {},
   "outputs": [
    {
     "data": {
      "text/plain": [
       "{'Auditory/left': 1,\n",
       " 'Auditory/right': 2,\n",
       " 'Visual/Left': 3,\n",
       " 'Visual/Right': 4,\n",
       " 'Smiley': 5,\n",
       " 'Button': 32}"
      ]
     },
     "execution_count": 6,
     "metadata": {},
     "output_type": "execute_result"
    }
   ],
   "source": [
    "event_id={\n",
    "   'Auditory/left' :1,\n",
    "    'Auditory/right':2,\n",
    "    'Visual/Left':3,\n",
    "    'Visual/Right':4,\n",
    "    'Smiley':5,\n",
    "    'Button':32\n",
    "}\n",
    "event_id"
   ]
  },
  {
   "cell_type": "markdown",
   "id": "2d116fde",
   "metadata": {},
   "source": [
    "### Below code gives us the count of events for type 'Visual/Right' "
   ]
  },
  {
   "cell_type": "code",
   "execution_count": 7,
   "id": "22ce4454",
   "metadata": {},
   "outputs": [
    {
     "data": {
      "text/plain": [
       "71"
      ]
     },
     "execution_count": 7,
     "metadata": {},
     "output_type": "execute_result"
    }
   ],
   "source": [
    "len(events[events[:,-1]==4])"
   ]
  },
  {
   "cell_type": "markdown",
   "id": "d10d0189",
   "metadata": {},
   "source": [
    "#### Code for visual only events count "
   ]
  },
  {
   "cell_type": "code",
   "execution_count": 8,
   "id": "1b31b8ef",
   "metadata": {},
   "outputs": [
    {
     "data": {
      "text/plain": [
       "144"
      ]
     },
     "execution_count": 8,
     "metadata": {},
     "output_type": "execute_result"
    }
   ],
   "source": [
    "len(events[events[:,-1]==4])+len(events[events[:,-1]==3])"
   ]
  },
  {
   "cell_type": "markdown",
   "id": "1648650e",
   "metadata": {},
   "source": [
    "#### Code for auditory only events count "
   ]
  },
  {
   "cell_type": "code",
   "execution_count": 9,
   "id": "4a7f8a47",
   "metadata": {},
   "outputs": [
    {
     "data": {
      "text/plain": [
       "145"
      ]
     },
     "execution_count": 9,
     "metadata": {},
     "output_type": "execute_result"
    }
   ],
   "source": [
    "len(events[events[:,-1]==1])+len(events[events[:,-1]==2])"
   ]
  },
  {
   "cell_type": "code",
   "execution_count": 10,
   "id": "049146a9",
   "metadata": {},
   "outputs": [
    {
     "data": {
      "text/plain": [
       "Index(['Auditory/left', 'Auditory/right', 'Visual/Left', 'Visual/Right',\n",
       "       'Smiley', 'Button'],\n",
       "      dtype='object')"
      ]
     },
     "execution_count": 10,
     "metadata": {},
     "output_type": "execute_result"
    }
   ],
   "source": [
    "import pandas as pd\n",
    "table=pd.DataFrame(columns=event_id.keys())\n",
    "table.columns"
   ]
  },
  {
   "cell_type": "code",
   "execution_count": 11,
   "id": "d147de28",
   "metadata": {},
   "outputs": [
    {
     "name": "stderr",
     "output_type": "stream",
     "text": [
      "C:\\Users\\sathvik\\AppData\\Local\\Temp\\ipykernel_21924\\2806990516.py:7: FutureWarning: The frame.append method is deprecated and will be removed from pandas in a future version. Use pandas.concat instead.\n",
      "  table= table.append(pd.Series(l1, index=table.columns), ignore_index=True)\n"
     ]
    },
    {
     "data": {
      "text/html": [
       "<div>\n",
       "<style scoped>\n",
       "    .dataframe tbody tr th:only-of-type {\n",
       "        vertical-align: middle;\n",
       "    }\n",
       "\n",
       "    .dataframe tbody tr th {\n",
       "        vertical-align: top;\n",
       "    }\n",
       "\n",
       "    .dataframe thead th {\n",
       "        text-align: right;\n",
       "    }\n",
       "</style>\n",
       "<table border=\"1\" class=\"dataframe\">\n",
       "  <thead>\n",
       "    <tr style=\"text-align: right;\">\n",
       "      <th></th>\n",
       "      <th>Auditory/left</th>\n",
       "      <th>Auditory/right</th>\n",
       "      <th>Visual/Left</th>\n",
       "      <th>Visual/Right</th>\n",
       "      <th>Smiley</th>\n",
       "      <th>Button</th>\n",
       "    </tr>\n",
       "  </thead>\n",
       "  <tbody>\n",
       "    <tr>\n",
       "      <th>0</th>\n",
       "      <td>72</td>\n",
       "      <td>73</td>\n",
       "      <td>73</td>\n",
       "      <td>71</td>\n",
       "      <td>15</td>\n",
       "      <td>16</td>\n",
       "    </tr>\n",
       "  </tbody>\n",
       "</table>\n",
       "</div>"
      ],
      "text/plain": [
       "  Auditory/left Auditory/right Visual/Left Visual/Right Smiley Button\n",
       "0            72             73          73           71     15     16"
      ]
     },
     "execution_count": 11,
     "metadata": {},
     "output_type": "execute_result"
    }
   ],
   "source": [
    "l1=[len(events[events[:,-1]==1]),\n",
    "      len(events[events[:,-1]==2]),\n",
    "      len(events[events[:,-1]==3]),\n",
    "      len(events[events[:,-1]==4]),\n",
    "      len(events[events[:,-1]==5]),\n",
    "      len(events[events[:,-1]==32])]\n",
    "table= table.append(pd.Series(l1, index=table.columns), ignore_index=True)\n",
    "table"
   ]
  },
  {
   "cell_type": "code",
   "execution_count": 12,
   "id": "188d026a",
   "metadata": {},
   "outputs": [
    {
     "data": {
      "text/plain": [
       "[{'scanno': 1,\n",
       "  'logno': 113,\n",
       "  'kind': 1 (FIFFV_MEG_CH),\n",
       "  'range': 0.00030517578125,\n",
       "  'cal': 3.1600000394149674e-09,\n",
       "  'coil_type': 3012 (FIFFV_COIL_VV_PLANAR_T1),\n",
       "  'loc': array([-0.1066    ,  0.0464    , -0.0604    , -0.0127    ,  0.0057    ,\n",
       "         -0.99990302, -0.186801  , -0.98240298, -0.0033    , -0.98232698,\n",
       "          0.18674099,  0.013541  ]),\n",
       "  'unit': 201 (FIFF_UNIT_T_M),\n",
       "  'unit_mul': 0 (FIFF_UNITM_NONE),\n",
       "  'ch_name': 'MEG 0113',\n",
       "  'coord_frame': 1 (FIFFV_COORD_DEVICE)},\n",
       " {'scanno': 2,\n",
       "  'logno': 112,\n",
       "  'kind': 1 (FIFFV_MEG_CH),\n",
       "  'range': 0.00030517578125,\n",
       "  'cal': 3.1600000394149674e-09,\n",
       "  'coil_type': 3012 (FIFFV_COIL_VV_PLANAR_T1),\n",
       "  'loc': array([-0.1066    ,  0.0464    , -0.0604    , -0.186801  , -0.98240298,\n",
       "         -0.0033    ,  0.0127    , -0.0057    ,  0.99990302, -0.98232698,\n",
       "          0.18674099,  0.013541  ]),\n",
       "  'unit': 201 (FIFF_UNIT_T_M),\n",
       "  'unit_mul': 0 (FIFF_UNITM_NONE),\n",
       "  'ch_name': 'MEG 0112',\n",
       "  'coord_frame': 1 (FIFFV_COORD_DEVICE)},\n",
       " {'scanno': 3,\n",
       "  'logno': 111,\n",
       "  'kind': 1 (FIFFV_MEG_CH),\n",
       "  'range': 0.00030517578125,\n",
       "  'cal': 4.1400001482561066e-11,\n",
       "  'coil_type': 3024 (FIFFV_COIL_VV_MAG_T3),\n",
       "  'loc': array([-0.1066    ,  0.0464    , -0.0604    , -0.0127    ,  0.0057    ,\n",
       "         -0.99990302, -0.186801  , -0.98240298, -0.0033    , -0.98232698,\n",
       "          0.18674099,  0.013541  ]),\n",
       "  'unit': 112 (FIFF_UNIT_T),\n",
       "  'unit_mul': 0 (FIFF_UNITM_NONE),\n",
       "  'ch_name': 'MEG 0111',\n",
       "  'coord_frame': 1 (FIFFV_COORD_DEVICE)},\n",
       " {'scanno': 4,\n",
       "  'logno': 122,\n",
       "  'kind': 1 (FIFFV_MEG_CH),\n",
       "  'range': 0.00030517578125,\n",
       "  'cal': 3.1600000394149674e-09,\n",
       "  'coil_type': 3012 (FIFFV_COIL_VV_PLANAR_T1),\n",
       "  'loc': array([-0.102     ,  0.0631    , -0.0256    ,  0.0136    ,  0.0011    ,\n",
       "         -0.99990201, -0.28200099, -0.95940202, -0.0049    , -0.95931298,\n",
       "          0.28203899, -0.012738  ]),\n",
       "  'unit': 201 (FIFF_UNIT_T_M),\n",
       "  'unit_mul': 0 (FIFF_UNITM_NONE),\n",
       "  'ch_name': 'MEG 0122',\n",
       "  'coord_frame': 1 (FIFFV_COORD_DEVICE)},\n",
       " {'scanno': 5,\n",
       "  'logno': 123,\n",
       "  'kind': 1 (FIFFV_MEG_CH),\n",
       "  'range': 0.00030517578125,\n",
       "  'cal': -3.1600000394149674e-09,\n",
       "  'coil_type': 3012 (FIFFV_COIL_VV_PLANAR_T1),\n",
       "  'loc': array([-0.102     ,  0.0631    , -0.0256    , -0.28200099, -0.95940202,\n",
       "         -0.0049    , -0.0136    , -0.0011    ,  0.99990201, -0.95931298,\n",
       "          0.28203899, -0.012738  ]),\n",
       "  'unit': 201 (FIFF_UNIT_T_M),\n",
       "  'unit_mul': 0 (FIFF_UNITM_NONE),\n",
       "  'ch_name': 'MEG 0123',\n",
       "  'coord_frame': 1 (FIFFV_COORD_DEVICE)},\n",
       " {'scanno': 6,\n",
       "  'logno': 121,\n",
       "  'kind': 1 (FIFFV_MEG_CH),\n",
       "  'range': 0.00030517578125,\n",
       "  'cal': 4.1400001482561066e-11,\n",
       "  'coil_type': 3024 (FIFFV_COIL_VV_MAG_T3),\n",
       "  'loc': array([-0.102     ,  0.0631    , -0.0256    ,  0.0136    ,  0.0011    ,\n",
       "         -0.99990201, -0.28200099, -0.95940202, -0.0049    , -0.95931298,\n",
       "          0.28203899, -0.012738  ]),\n",
       "  'unit': 112 (FIFF_UNIT_T),\n",
       "  'unit_mul': 0 (FIFF_UNITM_NONE),\n",
       "  'ch_name': 'MEG 0121',\n",
       "  'coord_frame': 1 (FIFFV_COORD_DEVICE)},\n",
       " {'scanno': 7,\n",
       "  'logno': 132,\n",
       "  'kind': 1 (FIFFV_MEG_CH),\n",
       "  'range': 0.00030517578125,\n",
       "  'cal': 3.1600000394149674e-09,\n",
       "  'coil_type': 3012 (FIFFV_COIL_VV_PLANAR_T1),\n",
       "  'loc': array([-0.1085    ,  0.0302    , -0.0266    ,  0.0026    ,  0.0023    ,\n",
       "         -0.999955  , -0.095196  , -0.99545598, -0.0025    , -0.995417  ,\n",
       "          0.095198  , -0.002369  ]),\n",
       "  'unit': 201 (FIFF_UNIT_T_M),\n",
       "  'unit_mul': 0 (FIFF_UNITM_NONE),\n",
       "  'ch_name': 'MEG 0132',\n",
       "  'coord_frame': 1 (FIFFV_COORD_DEVICE)},\n",
       " {'scanno': 8,\n",
       "  'logno': 133,\n",
       "  'kind': 1 (FIFFV_MEG_CH),\n",
       "  'range': 0.00030517578125,\n",
       "  'cal': -3.1600000394149674e-09,\n",
       "  'coil_type': 3012 (FIFFV_COIL_VV_PLANAR_T1),\n",
       "  'loc': array([-0.1085    ,  0.0302    , -0.0266    , -0.095196  , -0.99545598,\n",
       "         -0.0025    , -0.0026    , -0.0023    ,  0.999955  , -0.995417  ,\n",
       "          0.095198  , -0.002369  ]),\n",
       "  'unit': 201 (FIFF_UNIT_T_M),\n",
       "  'unit_mul': 0 (FIFF_UNITM_NONE),\n",
       "  'ch_name': 'MEG 0133',\n",
       "  'coord_frame': 1 (FIFFV_COORD_DEVICE)},\n",
       " {'scanno': 9,\n",
       "  'logno': 131,\n",
       "  'kind': 1 (FIFFV_MEG_CH),\n",
       "  'range': 0.00030517578125,\n",
       "  'cal': 4.1400001482561066e-11,\n",
       "  'coil_type': 3024 (FIFFV_COIL_VV_MAG_T3),\n",
       "  'loc': array([-0.1085    ,  0.0302    , -0.0266    ,  0.0026    ,  0.0023    ,\n",
       "         -0.999955  , -0.095196  , -0.99545598, -0.0025    , -0.995417  ,\n",
       "          0.095198  , -0.002369  ]),\n",
       "  'unit': 112 (FIFF_UNIT_T),\n",
       "  'unit_mul': 0 (FIFF_UNITM_NONE),\n",
       "  'ch_name': 'MEG 0131',\n",
       "  'coord_frame': 1 (FIFFV_COORD_DEVICE)},\n",
       " {'scanno': 10,\n",
       "  'logno': 143,\n",
       "  'kind': 1 (FIFFV_MEG_CH),\n",
       "  'range': 0.00030517578125,\n",
       "  'cal': 3.1600000394149674e-09,\n",
       "  'coil_type': 3012 (FIFFV_COIL_VV_PLANAR_T1),\n",
       "  'loc': array([-0.1099    ,  0.0131    , -0.0627    , -0.0123    ,  0.0018    ,\n",
       "         -0.99992299, -0.0212    , -0.99982297, -0.0016    , -0.99974799,\n",
       "          0.021179  ,  0.012336  ]),\n",
       "  'unit': 201 (FIFF_UNIT_T_M),\n",
       "  'unit_mul': 0 (FIFF_UNITM_NONE),\n",
       "  'ch_name': 'MEG 0143',\n",
       "  'coord_frame': 1 (FIFFV_COORD_DEVICE)},\n",
       " {'scanno': 11,\n",
       "  'logno': 142,\n",
       "  'kind': 1 (FIFFV_MEG_CH),\n",
       "  'range': 0.00030517578125,\n",
       "  'cal': 3.1600000394149674e-09,\n",
       "  'coil_type': 3012 (FIFFV_COIL_VV_PLANAR_T1),\n",
       "  'loc': array([-0.1099    ,  0.0131    , -0.0627    , -0.0212    , -0.99982297,\n",
       "         -0.0016    ,  0.0123    , -0.0018    ,  0.99992299, -0.99974799,\n",
       "          0.021179  ,  0.012336  ]),\n",
       "  'unit': 201 (FIFF_UNIT_T_M),\n",
       "  'unit_mul': 0 (FIFF_UNITM_NONE),\n",
       "  'ch_name': 'MEG 0142',\n",
       "  'coord_frame': 1 (FIFFV_COORD_DEVICE)},\n",
       " {'scanno': 12,\n",
       "  'logno': 141,\n",
       "  'kind': 1 (FIFFV_MEG_CH),\n",
       "  'range': 0.00030517578125,\n",
       "  'cal': 4.1400001482561066e-11,\n",
       "  'coil_type': 3024 (FIFFV_COIL_VV_MAG_T3),\n",
       "  'loc': array([-0.1099    ,  0.0131    , -0.0627    , -0.0123    ,  0.0018    ,\n",
       "         -0.99992299, -0.0212    , -0.99982297, -0.0016    , -0.99974799,\n",
       "          0.021179  ,  0.012336  ]),\n",
       "  'unit': 112 (FIFF_UNIT_T),\n",
       "  'unit_mul': 0 (FIFF_UNITM_NONE),\n",
       "  'ch_name': 'MEG 0141',\n",
       "  'coord_frame': 1 (FIFFV_COORD_DEVICE)},\n",
       " {'scanno': 13,\n",
       "  'logno': 213,\n",
       "  'kind': 1 (FIFFV_MEG_CH),\n",
       "  'range': 0.00030517578125,\n",
       "  'cal': 3.1600000394149674e-09,\n",
       "  'coil_type': 3012 (FIFFV_COIL_VV_PLANAR_T1),\n",
       "  'loc': array([-0.1074    ,  0.0329    ,  0.008     , -0.051198  ,  0.0077    ,\n",
       "         -0.99865901, -0.101496  , -0.99475902, -0.0025    , -0.99344403,\n",
       "          0.101232  ,  0.051711  ]),\n",
       "  'unit': 201 (FIFF_UNIT_T_M),\n",
       "  'unit_mul': 0 (FIFF_UNITM_NONE),\n",
       "  'ch_name': 'MEG 0213',\n",
       "  'coord_frame': 1 (FIFFV_COORD_DEVICE)},\n",
       " {'scanno': 14,\n",
       "  'logno': 212,\n",
       "  'kind': 1 (FIFFV_MEG_CH),\n",
       "  'range': 0.00030517578125,\n",
       "  'cal': 3.1600000394149674e-09,\n",
       "  'coil_type': 3012 (FIFFV_COIL_VV_PLANAR_T1),\n",
       "  'loc': array([-0.1074    ,  0.0329    ,  0.008     , -0.101496  , -0.99475902,\n",
       "         -0.0025    ,  0.051198  , -0.0077    ,  0.99865901, -0.99344403,\n",
       "          0.101232  ,  0.051711  ]),\n",
       "  'unit': 201 (FIFF_UNIT_T_M),\n",
       "  'unit_mul': 0 (FIFF_UNITM_NONE),\n",
       "  'ch_name': 'MEG 0212',\n",
       "  'coord_frame': 1 (FIFFV_COORD_DEVICE)},\n",
       " {'scanno': 15,\n",
       "  'logno': 211,\n",
       "  'kind': 1 (FIFFV_MEG_CH),\n",
       "  'range': 0.00030517578125,\n",
       "  'cal': 4.1400001482561066e-11,\n",
       "  'coil_type': 3024 (FIFFV_COIL_VV_MAG_T3),\n",
       "  'loc': array([-0.1074    ,  0.0329    ,  0.008     , -0.051198  ,  0.0077    ,\n",
       "         -0.99865901, -0.101496  , -0.99475902, -0.0025    , -0.99344403,\n",
       "          0.101232  ,  0.051711  ]),\n",
       "  'unit': 112 (FIFF_UNIT_T),\n",
       "  'unit_mul': 0 (FIFF_UNITM_NONE),\n",
       "  'ch_name': 'MEG 0211',\n",
       "  'coord_frame': 1 (FIFFV_COORD_DEVICE)},\n",
       " {'scanno': 16,\n",
       "  'logno': 222,\n",
       "  'kind': 1 (FIFFV_MEG_CH),\n",
       "  'range': 0.00030517578125,\n",
       "  'cal': 3.1600000394149674e-09,\n",
       "  'coil_type': 3012 (FIFFV_COIL_VV_PLANAR_T1),\n",
       "  'loc': array([-0.0989    ,  0.0403    ,  0.0413    , -0.34320599,  0.059801  ,\n",
       "         -0.937415  , -0.16180301, -0.98681599, -0.0037    , -0.92527801,\n",
       "          0.150406  ,  0.34835699]),\n",
       "  'unit': 201 (FIFF_UNIT_T_M),\n",
       "  'unit_mul': 0 (FIFF_UNITM_NONE),\n",
       "  'ch_name': 'MEG 0222',\n",
       "  'coord_frame': 1 (FIFFV_COORD_DEVICE)},\n",
       " {'scanno': 17,\n",
       "  'logno': 223,\n",
       "  'kind': 1 (FIFFV_MEG_CH),\n",
       "  'range': 0.00030517578125,\n",
       "  'cal': -3.1600000394149674e-09,\n",
       "  'coil_type': 3012 (FIFFV_COIL_VV_PLANAR_T1),\n",
       "  'loc': array([-0.0989    ,  0.0403    ,  0.0413    , -0.16180301, -0.98681599,\n",
       "         -0.0037    ,  0.34320599, -0.059801  ,  0.937415  , -0.92527801,\n",
       "          0.150406  ,  0.34835699]),\n",
       "  'unit': 201 (FIFF_UNIT_T_M),\n",
       "  'unit_mul': 0 (FIFF_UNITM_NONE),\n",
       "  'ch_name': 'MEG 0223',\n",
       "  'coord_frame': 1 (FIFFV_COORD_DEVICE)},\n",
       " {'scanno': 18,\n",
       "  'logno': 221,\n",
       "  'kind': 1 (FIFFV_MEG_CH),\n",
       "  'range': 0.00030517578125,\n",
       "  'cal': 4.1400001482561066e-11,\n",
       "  'coil_type': 3024 (FIFFV_COIL_VV_MAG_T3),\n",
       "  'loc': array([-0.0989    ,  0.0403    ,  0.0413    , -0.34320599,  0.059801  ,\n",
       "         -0.937415  , -0.16180301, -0.98681599, -0.0037    , -0.92527801,\n",
       "          0.150406  ,  0.34835699]),\n",
       "  'unit': 112 (FIFF_UNIT_T),\n",
       "  'unit_mul': 0 (FIFF_UNITM_NONE),\n",
       "  'ch_name': 'MEG 0221',\n",
       "  'coord_frame': 1 (FIFFV_COORD_DEVICE)},\n",
       " {'scanno': 19,\n",
       "  'logno': 232,\n",
       "  'kind': 1 (FIFFV_MEG_CH),\n",
       "  'range': 0.00030517578125,\n",
       "  'cal': 3.1600000394149674e-09,\n",
       "  'coil_type': 3012 (FIFFV_COIL_VV_PLANAR_T1),\n",
       "  'loc': array([-0.1011    ,  0.0044    ,  0.0408    , -0.35210299,  0.0087    ,\n",
       "         -0.93590802,  0.0378    , -0.99900901, -0.0235    , -0.93518502,\n",
       "         -0.043652  ,  0.35142499]),\n",
       "  'unit': 201 (FIFF_UNIT_T_M),\n",
       "  'unit_mul': 0 (FIFF_UNITM_NONE),\n",
       "  'ch_name': 'MEG 0232',\n",
       "  'coord_frame': 1 (FIFFV_COORD_DEVICE)},\n",
       " {'scanno': 20,\n",
       "  'logno': 233,\n",
       "  'kind': 1 (FIFFV_MEG_CH),\n",
       "  'range': 0.00030517578125,\n",
       "  'cal': -3.1600000394149674e-09,\n",
       "  'coil_type': 3012 (FIFFV_COIL_VV_PLANAR_T1),\n",
       "  'loc': array([-0.1011    ,  0.0044    ,  0.0408    ,  0.0378    , -0.99900901,\n",
       "         -0.0235    ,  0.35210299, -0.0087    ,  0.93590802, -0.93518502,\n",
       "         -0.043652  ,  0.35142499]),\n",
       "  'unit': 201 (FIFF_UNIT_T_M),\n",
       "  'unit_mul': 0 (FIFF_UNITM_NONE),\n",
       "  'ch_name': 'MEG 0233',\n",
       "  'coord_frame': 1 (FIFFV_COORD_DEVICE)},\n",
       " {'scanno': 21,\n",
       "  'logno': 231,\n",
       "  'kind': 1 (FIFFV_MEG_CH),\n",
       "  'range': 0.00030517578125,\n",
       "  'cal': 4.1400001482561066e-11,\n",
       "  'coil_type': 3024 (FIFFV_COIL_VV_MAG_T3),\n",
       "  'loc': array([-0.1011    ,  0.0044    ,  0.0408    , -0.35210299,  0.0087    ,\n",
       "         -0.93590802,  0.0378    , -0.99900901, -0.0235    , -0.93518502,\n",
       "         -0.043652  ,  0.35142499]),\n",
       "  'unit': 112 (FIFF_UNIT_T),\n",
       "  'unit_mul': 0 (FIFF_UNITM_NONE),\n",
       "  'ch_name': 'MEG 0231',\n",
       "  'coord_frame': 1 (FIFFV_COORD_DEVICE)},\n",
       " {'scanno': 22,\n",
       "  'logno': 243,\n",
       "  'kind': 1 (FIFFV_MEG_CH),\n",
       "  'range': 0.00030517578125,\n",
       "  'cal': 3.1600000394149674e-09,\n",
       "  'coil_type': 3012 (FIFFV_COIL_VV_PLANAR_T1),\n",
       "  'loc': array([-0.1083    , -0.0011    ,  0.0071    , -0.067199  , -0.0104    ,\n",
       "         -0.99768502,  0.084999  , -0.99638599,  0.0047    , -0.99412799,\n",
       "         -0.084486  ,  0.06784   ]),\n",
       "  'unit': 201 (FIFF_UNIT_T_M),\n",
       "  'unit_mul': 0 (FIFF_UNITM_NONE),\n",
       "  'ch_name': 'MEG 0243',\n",
       "  'coord_frame': 1 (FIFFV_COORD_DEVICE)},\n",
       " {'scanno': 23,\n",
       "  'logno': 242,\n",
       "  'kind': 1 (FIFFV_MEG_CH),\n",
       "  'range': 0.00030517578125,\n",
       "  'cal': 3.1600000394149674e-09,\n",
       "  'coil_type': 3012 (FIFFV_COIL_VV_PLANAR_T1),\n",
       "  'loc': array([-0.1083    , -0.0011    ,  0.0071    ,  0.084999  , -0.99638599,\n",
       "          0.0047    ,  0.067199  ,  0.0104    ,  0.99768502, -0.99412799,\n",
       "         -0.084486  ,  0.06784   ]),\n",
       "  'unit': 201 (FIFF_UNIT_T_M),\n",
       "  'unit_mul': 0 (FIFF_UNITM_NONE),\n",
       "  'ch_name': 'MEG 0242',\n",
       "  'coord_frame': 1 (FIFFV_COORD_DEVICE)},\n",
       " {'scanno': 24,\n",
       "  'logno': 241,\n",
       "  'kind': 1 (FIFFV_MEG_CH),\n",
       "  'range': 0.00030517578125,\n",
       "  'cal': 4.1400001482561066e-11,\n",
       "  'coil_type': 3024 (FIFFV_COIL_VV_MAG_T3),\n",
       "  'loc': array([-0.1083    , -0.0011    ,  0.0071    , -0.067199  , -0.0104    ,\n",
       "         -0.99768502,  0.084999  , -0.99638599,  0.0047    , -0.99412799,\n",
       "         -0.084486  ,  0.06784   ]),\n",
       "  'unit': 112 (FIFF_UNIT_T),\n",
       "  'unit_mul': 0 (FIFF_UNITM_NONE),\n",
       "  'ch_name': 'MEG 0241',\n",
       "  'coord_frame': 1 (FIFFV_COORD_DEVICE)},\n",
       " {'scanno': 25,\n",
       "  'logno': 313,\n",
       "  'kind': 1 (FIFFV_MEG_CH),\n",
       "  'range': 0.00030517578125,\n",
       "  'cal': 3.1600000394149674e-09,\n",
       "  'coil_type': 3012 (FIFFV_COIL_VV_PLANAR_T1),\n",
       "  'loc': array([-0.0861    ,  0.0988    ,  0.009     , -0.035199  ,  0.118196  ,\n",
       "         -0.99236602, -0.48358399, -0.87097001, -0.086597  , -0.87455702,\n",
       "          0.47684401,  0.087815  ]),\n",
       "  'unit': 201 (FIFF_UNIT_T_M),\n",
       "  'unit_mul': 0 (FIFF_UNITM_NONE),\n",
       "  'ch_name': 'MEG 0313',\n",
       "  'coord_frame': 1 (FIFFV_COORD_DEVICE)},\n",
       " {'scanno': 26,\n",
       "  'logno': 312,\n",
       "  'kind': 1 (FIFFV_MEG_CH),\n",
       "  'range': 0.00030517578125,\n",
       "  'cal': 3.1600000394149674e-09,\n",
       "  'coil_type': 3012 (FIFFV_COIL_VV_PLANAR_T1),\n",
       "  'loc': array([-0.0861    ,  0.0988    ,  0.009     , -0.48358399, -0.87097001,\n",
       "         -0.086597  ,  0.035199  , -0.118196  ,  0.99236602, -0.87455702,\n",
       "          0.47684401,  0.087815  ]),\n",
       "  'unit': 201 (FIFF_UNIT_T_M),\n",
       "  'unit_mul': 0 (FIFF_UNITM_NONE),\n",
       "  'ch_name': 'MEG 0312',\n",
       "  'coord_frame': 1 (FIFFV_COORD_DEVICE)},\n",
       " {'scanno': 27,\n",
       "  'logno': 311,\n",
       "  'kind': 1 (FIFFV_MEG_CH),\n",
       "  'range': 0.00030517578125,\n",
       "  'cal': 4.1400001482561066e-11,\n",
       "  'coil_type': 3024 (FIFFV_COIL_VV_MAG_T3),\n",
       "  'loc': array([-0.0861    ,  0.0988    ,  0.009     , -0.035199  ,  0.118196  ,\n",
       "         -0.99236602, -0.48358399, -0.87097001, -0.086597  , -0.87455702,\n",
       "          0.47684401,  0.087815  ]),\n",
       "  'unit': 112 (FIFF_UNIT_T),\n",
       "  'unit_mul': 0 (FIFF_UNITM_NONE),\n",
       "  'ch_name': 'MEG 0311',\n",
       "  'coord_frame': 1 (FIFFV_COORD_DEVICE)},\n",
       " {'scanno': 28,\n",
       "  'logno': 322,\n",
       "  'kind': 1 (FIFFV_MEG_CH),\n",
       "  'range': 0.00030517578125,\n",
       "  'cal': 3.1600000394149674e-09,\n",
       "  'coil_type': 3012 (FIFFV_COIL_VV_PLANAR_T1),\n",
       "  'loc': array([-0.0887    ,  0.0757    ,  0.0412    , -0.351594  ,  0.118898  ,\n",
       "         -0.92858398, -0.370994  , -0.92838401,  0.0216    , -0.85951501,\n",
       "          0.35209301,  0.370525  ]),\n",
       "  'unit': 201 (FIFF_UNIT_T_M),\n",
       "  'unit_mul': 0 (FIFF_UNITM_NONE),\n",
       "  'ch_name': 'MEG 0322',\n",
       "  'coord_frame': 1 (FIFFV_COORD_DEVICE)},\n",
       " {'scanno': 29,\n",
       "  'logno': 323,\n",
       "  'kind': 1 (FIFFV_MEG_CH),\n",
       "  'range': 0.00030517578125,\n",
       "  'cal': -3.1600000394149674e-09,\n",
       "  'coil_type': 3012 (FIFFV_COIL_VV_PLANAR_T1),\n",
       "  'loc': array([-0.0887    ,  0.0757    ,  0.0412    , -0.370994  , -0.92838401,\n",
       "          0.0216    ,  0.351594  , -0.118898  ,  0.92858398, -0.85951501,\n",
       "          0.35209301,  0.370525  ]),\n",
       "  'unit': 201 (FIFF_UNIT_T_M),\n",
       "  'unit_mul': 0 (FIFF_UNITM_NONE),\n",
       "  'ch_name': 'MEG 0323',\n",
       "  'coord_frame': 1 (FIFFV_COORD_DEVICE)},\n",
       " {'scanno': 30,\n",
       "  'logno': 321,\n",
       "  'kind': 1 (FIFFV_MEG_CH),\n",
       "  'range': 0.00030517578125,\n",
       "  'cal': 4.1400001482561066e-11,\n",
       "  'coil_type': 3024 (FIFFV_COIL_VV_MAG_T3),\n",
       "  'loc': array([-0.0887    ,  0.0757    ,  0.0412    , -0.351594  ,  0.118898  ,\n",
       "         -0.92858398, -0.370994  , -0.92838401,  0.0216    , -0.85951501,\n",
       "          0.35209301,  0.370525  ]),\n",
       "  'unit': 112 (FIFF_UNIT_T),\n",
       "  'unit_mul': 0 (FIFF_UNITM_NONE),\n",
       "  'ch_name': 'MEG 0321',\n",
       "  'coord_frame': 1 (FIFFV_COORD_DEVICE)},\n",
       " {'scanno': 31,\n",
       "  'logno': 333,\n",
       "  'kind': 1 (FIFFV_MEG_CH),\n",
       "  'range': 0.00030517578125,\n",
       "  'cal': 3.1600000394149674e-09,\n",
       "  'coil_type': 3012 (FIFFV_COIL_VV_PLANAR_T1),\n",
       "  'loc': array([-0.0702    ,  0.0758    ,  0.0707    , -0.59424001,  0.228816  ,\n",
       "         -0.771052  , -0.385726  , -0.92236298,  0.023502  , -0.70581198,\n",
       "          0.31138101,  0.636365  ]),\n",
       "  'unit': 201 (FIFF_UNIT_T_M),\n",
       "  'unit_mul': 0 (FIFF_UNITM_NONE),\n",
       "  'ch_name': 'MEG 0333',\n",
       "  'coord_frame': 1 (FIFFV_COORD_DEVICE)},\n",
       " {'scanno': 32,\n",
       "  'logno': 332,\n",
       "  'kind': 1 (FIFFV_MEG_CH),\n",
       "  'range': 0.00030517578125,\n",
       "  'cal': 3.1600000394149674e-09,\n",
       "  'coil_type': 3012 (FIFFV_COIL_VV_PLANAR_T1),\n",
       "  'loc': array([-0.0702    ,  0.0758    ,  0.0707    , -0.385726  , -0.92236298,\n",
       "          0.023502  ,  0.59424001, -0.228816  ,  0.771052  , -0.70581198,\n",
       "          0.31138101,  0.636365  ]),\n",
       "  'unit': 201 (FIFF_UNIT_T_M),\n",
       "  'unit_mul': 0 (FIFF_UNITM_NONE),\n",
       "  'ch_name': 'MEG 0332',\n",
       "  'coord_frame': 1 (FIFFV_COORD_DEVICE)},\n",
       " {'scanno': 33,\n",
       "  'logno': 331,\n",
       "  'kind': 1 (FIFFV_MEG_CH),\n",
       "  'range': 0.00030517578125,\n",
       "  'cal': 4.1400001482561066e-11,\n",
       "  'coil_type': 3024 (FIFFV_COIL_VV_MAG_T3),\n",
       "  'loc': array([-0.0702    ,  0.0758    ,  0.0707    , -0.59424001,  0.228816  ,\n",
       "         -0.771052  , -0.385726  , -0.92236298,  0.023502  , -0.70581198,\n",
       "          0.31138101,  0.636365  ]),\n",
       "  'unit': 112 (FIFF_UNIT_T),\n",
       "  'unit_mul': 0 (FIFF_UNITM_NONE),\n",
       "  'ch_name': 'MEG 0331',\n",
       "  'coord_frame': 1 (FIFFV_COORD_DEVICE)},\n",
       " {'scanno': 34,\n",
       "  'logno': 343,\n",
       "  'kind': 1 (FIFFV_MEG_CH),\n",
       "  'range': 0.00030517578125,\n",
       "  'cal': 3.1600000394149674e-09,\n",
       "  'coil_type': 3012 (FIFFV_COIL_VV_PLANAR_T1),\n",
       "  'loc': array([-0.1003    ,  0.0659    ,  0.0081    , -0.065802  ,  0.024701  ,\n",
       "         -0.997527  , -0.28830799, -0.95752603, -0.0047    , -0.95527399,\n",
       "          0.28728601,  0.070128  ]),\n",
       "  'unit': 201 (FIFF_UNIT_T_M),\n",
       "  'unit_mul': 0 (FIFF_UNITM_NONE),\n",
       "  'ch_name': 'MEG 0343',\n",
       "  'coord_frame': 1 (FIFFV_COORD_DEVICE)},\n",
       " {'scanno': 35,\n",
       "  'logno': 342,\n",
       "  'kind': 1 (FIFFV_MEG_CH),\n",
       "  'range': 0.00030517578125,\n",
       "  'cal': 3.1600000394149674e-09,\n",
       "  'coil_type': 3012 (FIFFV_COIL_VV_PLANAR_T1),\n",
       "  'loc': array([-0.1003    ,  0.0659    ,  0.0081    , -0.28830799, -0.95752603,\n",
       "         -0.0047    ,  0.065802  , -0.024701  ,  0.997527  , -0.95527399,\n",
       "          0.28728601,  0.070128  ]),\n",
       "  'unit': 201 (FIFF_UNIT_T_M),\n",
       "  'unit_mul': 0 (FIFF_UNITM_NONE),\n",
       "  'ch_name': 'MEG 0342',\n",
       "  'coord_frame': 1 (FIFFV_COORD_DEVICE)},\n",
       " {'scanno': 36,\n",
       "  'logno': 341,\n",
       "  'kind': 1 (FIFFV_MEG_CH),\n",
       "  'range': 0.00030517578125,\n",
       "  'cal': 4.1400001482561066e-11,\n",
       "  'coil_type': 3024 (FIFFV_COIL_VV_MAG_T3),\n",
       "  'loc': array([-0.1003    ,  0.0659    ,  0.0081    , -0.065802  ,  0.024701  ,\n",
       "         -0.997527  , -0.28830799, -0.95752603, -0.0047    , -0.95527399,\n",
       "          0.28728601,  0.070128  ]),\n",
       "  'unit': 112 (FIFF_UNIT_T),\n",
       "  'unit_mul': 0 (FIFF_UNITM_NONE),\n",
       "  'ch_name': 'MEG 0341',\n",
       "  'coord_frame': 1 (FIFFV_COORD_DEVICE)},\n",
       " {'scanno': 37,\n",
       "  'logno': 413,\n",
       "  'kind': 1 (FIFFV_MEG_CH),\n",
       "  'range': 0.00030517578125,\n",
       "  'cal': 3.1600000394149674e-09,\n",
       "  'coil_type': 3012 (FIFFV_COIL_VV_PLANAR_T1),\n",
       "  'loc': array([-0.0808    ,  0.0413    ,  0.072     , -0.64212602,  0.049002  ,\n",
       "         -0.76503098, -0.13570599, -0.98953998,  0.050502  , -0.75455499,\n",
       "          0.13624801,  0.64205998]),\n",
       "  'unit': 201 (FIFF_UNIT_T_M),\n",
       "  'unit_mul': 0 (FIFF_UNITM_NONE),\n",
       "  'ch_name': 'MEG 0413',\n",
       "  'coord_frame': 1 (FIFFV_COORD_DEVICE)},\n",
       " {'scanno': 38,\n",
       "  'logno': 412,\n",
       "  'kind': 1 (FIFFV_MEG_CH),\n",
       "  'range': 0.00030517578125,\n",
       "  'cal': 3.1600000394149674e-09,\n",
       "  'coil_type': 3012 (FIFFV_COIL_VV_PLANAR_T1),\n",
       "  'loc': array([-0.0808    ,  0.0413    ,  0.072     , -0.13570599, -0.98953998,\n",
       "          0.050502  ,  0.64212602, -0.049002  ,  0.76503098, -0.75455499,\n",
       "          0.13624801,  0.64205998]),\n",
       "  'unit': 201 (FIFF_UNIT_T_M),\n",
       "  'unit_mul': 0 (FIFF_UNITM_NONE),\n",
       "  'ch_name': 'MEG 0412',\n",
       "  'coord_frame': 1 (FIFFV_COORD_DEVICE)},\n",
       " {'scanno': 39,\n",
       "  'logno': 411,\n",
       "  'kind': 1 (FIFFV_MEG_CH),\n",
       "  'range': 0.00030517578125,\n",
       "  'cal': 4.1400001482561066e-11,\n",
       "  'coil_type': 3024 (FIFFV_COIL_VV_MAG_T3),\n",
       "  'loc': array([-0.0808    ,  0.0413    ,  0.072     , -0.64212602,  0.049002  ,\n",
       "         -0.76503098, -0.13570599, -0.98953998,  0.050502  , -0.75455499,\n",
       "          0.13624801,  0.64205998]),\n",
       "  'unit': 112 (FIFF_UNIT_T),\n",
       "  'unit_mul': 0 (FIFF_UNITM_NONE),\n",
       "  'ch_name': 'MEG 0411',\n",
       "  'coord_frame': 1 (FIFFV_COORD_DEVICE)},\n",
       " {'scanno': 40,\n",
       "  'logno': 422,\n",
       "  'kind': 1 (FIFFV_MEG_CH),\n",
       "  'range': 0.00030517578125,\n",
       "  'cal': 3.1600000394149674e-09,\n",
       "  'coil_type': 3012 (FIFFV_COIL_VV_PLANAR_T1),\n",
       "  'loc': array([-0.0526    ,  0.0406    ,  0.0952    , -0.87497002, -0.019699  ,\n",
       "         -0.48378301, -0.054998  , -0.988666  ,  0.139695  , -0.48105201,\n",
       "          0.148836  ,  0.86396998]),\n",
       "  'unit': 201 (FIFF_UNIT_T_M),\n",
       "  'unit_mul': 0 (FIFF_UNITM_NONE),\n",
       "  'ch_name': 'MEG 0422',\n",
       "  'coord_frame': 1 (FIFFV_COORD_DEVICE)},\n",
       " {'scanno': 41,\n",
       "  'logno': 423,\n",
       "  'kind': 1 (FIFFV_MEG_CH),\n",
       "  'range': 0.00030517578125,\n",
       "  'cal': -3.1600000394149674e-09,\n",
       "  'coil_type': 3012 (FIFFV_COIL_VV_PLANAR_T1),\n",
       "  'loc': array([-0.0526    ,  0.0406    ,  0.0952    , -0.054998  , -0.988666  ,\n",
       "          0.139695  ,  0.87497002,  0.019699  ,  0.48378301, -0.48105201,\n",
       "          0.148836  ,  0.86396998]),\n",
       "  'unit': 201 (FIFF_UNIT_T_M),\n",
       "  'unit_mul': 0 (FIFF_UNITM_NONE),\n",
       "  'ch_name': 'MEG 0423',\n",
       "  'coord_frame': 1 (FIFFV_COORD_DEVICE)},\n",
       " {'scanno': 42,\n",
       "  'logno': 421,\n",
       "  'kind': 1 (FIFFV_MEG_CH),\n",
       "  'range': 0.00030517578125,\n",
       "  'cal': 4.1400001482561066e-11,\n",
       "  'coil_type': 3024 (FIFFV_COIL_VV_MAG_T3),\n",
       "  'loc': array([-0.0526    ,  0.0406    ,  0.0952    , -0.87497002, -0.019699  ,\n",
       "         -0.48378301, -0.054998  , -0.988666  ,  0.139695  , -0.48105201,\n",
       "          0.148836  ,  0.86396998]),\n",
       "  'unit': 112 (FIFF_UNIT_T),\n",
       "  'unit_mul': 0 (FIFF_UNITM_NONE),\n",
       "  'ch_name': 'MEG 0421',\n",
       "  'coord_frame': 1 (FIFFV_COORD_DEVICE)},\n",
       " {'scanno': 43,\n",
       "  'logno': 432,\n",
       "  'kind': 1 (FIFFV_MEG_CH),\n",
       "  'range': 0.00030517578125,\n",
       "  'cal': 3.1600000394149674e-09,\n",
       "  'coil_type': 3012 (FIFFV_COIL_VV_PLANAR_T1),\n",
       "  'loc': array([-0.0537    ,  0.0059    ,  0.0969    , -0.87026697, -0.017799  ,\n",
       "         -0.49208099,  0.028999  , -0.99946201, -0.015299  , -0.49154499,\n",
       "         -0.027584  ,  0.87031502]),\n",
       "  'unit': 201 (FIFF_UNIT_T_M),\n",
       "  'unit_mul': 0 (FIFF_UNITM_NONE),\n",
       "  'ch_name': 'MEG 0432',\n",
       "  'coord_frame': 1 (FIFFV_COORD_DEVICE)},\n",
       " {'scanno': 44,\n",
       "  'logno': 433,\n",
       "  'kind': 1 (FIFFV_MEG_CH),\n",
       "  'range': 0.00030517578125,\n",
       "  'cal': -3.1600000394149674e-09,\n",
       "  'coil_type': 3012 (FIFFV_COIL_VV_PLANAR_T1),\n",
       "  'loc': array([-0.0537    ,  0.0059    ,  0.0969    ,  0.028999  , -0.99946201,\n",
       "         -0.015299  ,  0.87026697,  0.017799  ,  0.49208099, -0.49154499,\n",
       "         -0.027584  ,  0.87031502]),\n",
       "  'unit': 201 (FIFF_UNIT_T_M),\n",
       "  'unit_mul': 0 (FIFF_UNITM_NONE),\n",
       "  'ch_name': 'MEG 0433',\n",
       "  'coord_frame': 1 (FIFFV_COORD_DEVICE)},\n",
       " {'scanno': 45,\n",
       "  'logno': 431,\n",
       "  'kind': 1 (FIFFV_MEG_CH),\n",
       "  'range': 0.00030517578125,\n",
       "  'cal': 4.1400001482561066e-11,\n",
       "  'coil_type': 3024 (FIFFV_COIL_VV_MAG_T3),\n",
       "  'loc': array([-0.0537    ,  0.0059    ,  0.0969    , -0.87026697, -0.017799  ,\n",
       "         -0.49208099,  0.028999  , -0.99946201, -0.015299  , -0.49154499,\n",
       "         -0.027584  ,  0.87031502]),\n",
       "  'unit': 112 (FIFF_UNIT_T),\n",
       "  'unit_mul': 0 (FIFF_UNITM_NONE),\n",
       "  'ch_name': 'MEG 0431',\n",
       "  'coord_frame': 1 (FIFFV_COORD_DEVICE)},\n",
       " {'scanno': 46,\n",
       "  'logno': 443,\n",
       "  'kind': 1 (FIFFV_MEG_CH),\n",
       "  'range': 0.00030517578125,\n",
       "  'cal': 3.1600000394149674e-09,\n",
       "  'coil_type': 3012 (FIFFV_COIL_VV_PLANAR_T1),\n",
       "  'loc': array([-0.0829    ,  0.0062    ,  0.0728    , -0.64731598,  0.0021    ,\n",
       "         -0.76221901,  0.043201  , -0.99832499, -0.039401  , -0.76102501,\n",
       "         -0.058434  ,  0.64614099]),\n",
       "  'unit': 201 (FIFF_UNIT_T_M),\n",
       "  'unit_mul': 0 (FIFF_UNITM_NONE),\n",
       "  'ch_name': 'MEG 0443',\n",
       "  'coord_frame': 1 (FIFFV_COORD_DEVICE)},\n",
       " {'scanno': 47,\n",
       "  'logno': 442,\n",
       "  'kind': 1 (FIFFV_MEG_CH),\n",
       "  'range': 0.00030517578125,\n",
       "  'cal': 3.1600000394149674e-09,\n",
       "  'coil_type': 3012 (FIFFV_COIL_VV_PLANAR_T1),\n",
       "  'loc': array([-0.0829    ,  0.0062    ,  0.0728    ,  0.043201  , -0.99832499,\n",
       "         -0.039401  ,  0.64731598, -0.0021    ,  0.76221901, -0.76102501,\n",
       "         -0.058434  ,  0.64614099]),\n",
       "  'unit': 201 (FIFF_UNIT_T_M),\n",
       "  'unit_mul': 0 (FIFF_UNITM_NONE),\n",
       "  'ch_name': 'MEG 0442',\n",
       "  'coord_frame': 1 (FIFFV_COORD_DEVICE)},\n",
       " {'scanno': 48,\n",
       "  'logno': 441,\n",
       "  'kind': 1 (FIFFV_MEG_CH),\n",
       "  'range': 0.00030517578125,\n",
       "  'cal': 4.1400001482561066e-11,\n",
       "  'coil_type': 3024 (FIFFV_COIL_VV_MAG_T3),\n",
       "  'loc': array([-0.0829    ,  0.0062    ,  0.0728    , -0.64731598,  0.0021    ,\n",
       "         -0.76221901,  0.043201  , -0.99832499, -0.039401  , -0.76102501,\n",
       "         -0.058434  ,  0.64614099]),\n",
       "  'unit': 112 (FIFF_UNIT_T),\n",
       "  'unit_mul': 0 (FIFF_UNITM_NONE),\n",
       "  'ch_name': 'MEG 0441',\n",
       "  'coord_frame': 1 (FIFFV_COORD_DEVICE)},\n",
       " {'scanno': 49,\n",
       "  'logno': 513,\n",
       "  'kind': 1 (FIFFV_MEG_CH),\n",
       "  'range': 0.00030517578125,\n",
       "  'cal': 3.1600000394149674e-09,\n",
       "  'coil_type': 3012 (FIFFV_COIL_VV_PLANAR_T1),\n",
       "  'loc': array([-0.0637    ,  0.12540001,  0.0136    ,  0.0194    ,  0.21690001,\n",
       "         -0.97600102, -0.78350103, -0.603001  , -0.1496    , -0.62097698,\n",
       "          0.7676    ,  0.158243  ]),\n",
       "  'unit': 201 (FIFF_UNIT_T_M),\n",
       "  'unit_mul': 0 (FIFF_UNITM_NONE),\n",
       "  'ch_name': 'MEG 0513',\n",
       "  'coord_frame': 1 (FIFFV_COORD_DEVICE)},\n",
       " {'scanno': 50,\n",
       "  'logno': 512,\n",
       "  'kind': 1 (FIFFV_MEG_CH),\n",
       "  'range': 0.00030517578125,\n",
       "  'cal': 3.1600000394149674e-09,\n",
       "  'coil_type': 3012 (FIFFV_COIL_VV_PLANAR_T1),\n",
       "  'loc': array([-0.0637    ,  0.12540001,  0.0136    , -0.78350103, -0.603001  ,\n",
       "         -0.1496    , -0.0194    , -0.21690001,  0.97600102, -0.62097698,\n",
       "          0.7676    ,  0.158243  ]),\n",
       "  'unit': 201 (FIFF_UNIT_T_M),\n",
       "  'unit_mul': 0 (FIFF_UNITM_NONE),\n",
